solver_type MCSVM_CS
nr_class 14
label 0 1 2 3 4 5 6 7 8 9 10 11 12 13
nr_feature 115
bias -1
w
0.9285714285714286 -0.0714285714285714 -0.0714285714285714 -0.0714285714285714 -0.0714285714285714 -0.0714285714285714 -0.0714285714285714 -0.0714285714285714 -0.0714285714285714 -0.0714285714285714 -0.0714285714285714 -0.0714285714285714 -0.0714285714285714 -0.0714285714285714 
0.8308961980912504 -0.4092844710275939 -0.02781908004067965 -0.02781908004067965 -0.02781908004067965 -0.08171209701076848 -0.06170882964609521 -0.02781908004067965 -0.02781908004067965 -0.02781908004067965 -0.02781908004067965 -0.02781908004067965 -0.02781908004067965 -0.02781908004067965 
0.1134091304229546 0.198123033127767 -0.06764421661633362 -0.06764421661633362 -0.06764421661633362 0.2471090073809334 0.1178009952316791 -0.06764421661633362 -0.06764421661633362 -0.06764421661633362 -0.06764421661633362 -0.06764421661633362 -0.06764421661633362 -0.06764421661633362 
0.143952679397941 0.2097361699560158 -0.01705725639367427 -0.01705725639367427 -0.01705725639367427 -0.1083184942063696 -0.0747977912108455 -0.01705725639367427 -0.01705725639367427 -0.01705725639367427 -0.01705725639367427 -0.01705725639367427 -0.01705725639367427 -0.01705725639367427 
0.8308961980912504 -0.4092844710275939 -0.02781908004067965 -0.02781908004067965 -0.02781908004067965 -0.08171209701076848 -0.06170882964609521 -0.02781908004067965 -0.02781908004067965 -0.02781908004067965 -0.02781908004067965 -0.02781908004067965 -0.02781908004067965 -0.02781908004067965 
0.143952679397941 0.2097361699560158 -0.01705725639367427 -0.01705725639367427 -0.01705725639367427 -0.1083184942063696 -0.0747977912108455 -0.01705725639367427 -0.01705725639367427 -0.01705725639367427 -0.01705725639367427 -0.01705725639367427 -0.01705725639367427 -0.01705725639367427 
0.1505736548221742 0.2303633838387172 -0.01821838227614648 -0.01821838227614648 -0.01821838227614648 -0.1217019773046913 -0.07705123859473745 -0.01821838227614648 -0.01821838227614648 -0.01821838227614648 -0.01821838227614648 -0.01821838227614648 -0.01821838227614648 -0.01821838227614648 
0.1505736548221742 0.2303633838387172 -0.01821838227614648 -0.01821838227614648 -0.01821838227614648 -0.1217019773046913 -0.07705123859473745 -0.01821838227614648 -0.01821838227614648 -0.01821838227614648 -0.01821838227614648 -0.01821838227614648 -0.01821838227614648 -0.01821838227614648 
0.9285714285714286 -0.0714285714285714 -0.0714285714285714 -0.0714285714285714 -0.0714285714285714 -0.0714285714285714 -0.0714285714285714 -0.0714285714285714 -0.0714285714285714 -0.0714285714285714 -0.0714285714285714 -0.0714285714285714 -0.0714285714285714 -0.0714285714285714 
0.5773502691896258 -0.2309401077742977 -0.02886751345127756 -0.02886751345127756 -0.02886751345127756 -0.02886751345127756 -0.02886751345127756 -0.02886751345127756 -0.02886751345127756 -0.02886751345127756 -0.02886751345127756 -0.02886751345127756 -0.02886751345127756 -0.02886751345127756 
0.3464101653532127 0.3464101614153282 -0.05773502723071198 -0.05773502723071198 -0.05773502723071198 -0.05773502723071198 -0.05773502723071198 -0.05773502723071198 -0.05773502723071198 -0.05773502723071198 -0.05773502723071198 -0.05773502723071198 -0.05773502723071198 -0.05773502723071198 
0.5773502691896258 -0.2309401077742977 -0.02886751345127756 -0.02886751345127756 -0.02886751345127756 -0.02886751345127756 -0.02886751345127756 -0.02886751345127756 -0.02886751345127756 -0.02886751345127756 -0.02886751345127756 -0.02886751345127756 -0.02886751345127756 -0.02886751345127756 
0.5068338378926158 3.469446951953614e-18 -0.1159888113138809 0.3416407864998737 -0.223181421730395 -0.04825527970566017 -0.04825527970566017 -0.04825527970566017 -0.1232621537029312 -0.04825527970566017 -0.04825527970566017 -0.04825527970566017 -0.04825527970566017 -0.04825527970566017 
-0.2910320534772987 0.9461128935699009 -0.05388710643009909 -0.05388710643009909 -0.05388710643009909 -0.06232266936151153 -0.05388710643009909 -0.05388710643009909 -0.05388710643009909 -0.05388710643009909 -0.05388710643009909 -0.05388710643009909 -0.05388710643009909 -0.05388710643009909 
-0.2910320534772987 0.402170429322369 0 0 0 -0.06232266936151154 -0.04881570648355872 0 0 0 0 0 0 0 
-6.505213034913027e-19 0.5071917290748305 -0.1165880678552552 -0.2213749458151135 0.3416407864998738 -0.04842366175433795 -0.04842366175433795 -0.04842366175433795 -0.1234802078696297 -0.04842366175433795 -0.04842366175433795 -0.04842366175433795 -0.04842366175433795 -0.04842366175433795 
-0.2453378103938366 0.4472135954999579 -0.007456558629141099 -0.007456558629141099 -0.007456558629141099 -0.08598570513878082 -0.04132449367592904 -0.007456558629141099 -0.007456558629141099 -0.007456558629141099 -0.007456558629141099 -0.007456558629141099 -0.007456558629141099 -0.007456558629141099 
-0.2453378103938366 0.4472135954999579 -0.007456558629141099 -0.007456558629141099 -0.007456558629141099 -0.08598570513878082 -0.04132449367592904 -0.007456558629141099 -0.007456558629141099 -0.007456558629141099 -0.007456558629141099 -0.007456558629141099 -0.007456558629141099 -0.007456558629141099 
-0.0714285714285714 0.9285714285714286 -0.0714285714285714 -0.0714285714285714 -0.0714285714285714 -0.0714285714285714 -0.0714285714285714 -0.0714285714285714 -0.0714285714285714 -0.0714285714285714 -0.0714285714285714 -0.0714285714285714 -0.0714285714285714 -0.0714285714285714 
-0.2309401038364131 0.5773502691896258 -0.02886751377943441 -0.02886751377943441 -0.02886751377943441 -0.02886751377943441 -0.02886751377943441 -0.02886751377943441 -0.02886751377943441 -0.02886751377943441 -0.02886751377943441 -0.02886751377943441 -0.02886751377943441 -0.02886751377943441 
-0.2309401038364131 0.5773502691896258 -0.02886751377943441 -0.02886751377943441 -0.02886751377943441 -0.02886751377943441 -0.02886751377943441 -0.02886751377943441 -0.02886751377943441 -0.02886751377943441 -0.02886751377943441 -0.02886751377943441 -0.02886751377943441 -0.02886751377943441 
-0.03085939154365423 -0.03085939154365423 1.086456478575803 -0.2507231096539321 -0.2478428847663272 -0.03950651145193371 -0.03950651145193371 -0.03950651145193371 -0.2101196094527654 -0.03950651145193371 -0.03950651145193371 -0.03950651145193371 -0.03950651145193371 -0.03950651145193371 
-0.1636581866812693 -0.1640505795470538 0.06416484498020351 0.2741962297772879 0.271564243774677 -0.07430216325832195 -0.07430216325832195 -0.07430216325832195 0.3122007537627306 -0.07430216325832195 -0.07430216325832195 -0.07430216325832195 -0.07430216325832195 -0.07430216325832195 
0 0 0.4733910188700706 -0.1315115852661555 -0.1317598241511499 0 0 0 -0.2101196094527654 0 0 0 0 0 
-0.03085939154365423 -0.03085939154365423 0.2740054358034255 0 0 -0.02653583158951457 -0.02653583158951457 -0.02653583158951457 0 -0.02653583158951457 -0.02653583158951457 -0.02653583158951457 -0.02653583158951457 -0.02653583158951457 
-0.03085939154365423 -0.03085939154365423 0.2740054358034255 0 0 -0.02653583158951457 -0.02653583158951457 -0.02653583158951457 0 -0.02653583158951457 -0.02653583158951457 -0.02653583158951457 -0.02653583158951457 -0.02653583158951457 
-0.0714285714285714 -0.0714285714285714 0.9285714285714286 -0.0714285714285714 -0.0714285714285714 -0.0714285714285714 -0.0714285714285714 -0.0714285714285714 -0.0714285714285714 -0.0714285714285714 -0.0714285714285714 -0.0714285714285714 -0.0714285714285714 -0.0714285714285714 
-0.1638225684798279 -0.1635114530933099 0.1905082357311208 0.26495859194933 0.2667729861420245 -0.04811978939245545 -0.04811978939245545 -0.04811978939245545 -0.009947477109693322 -0.04811978939245545 -0.04811978939245545 -0.04811978939245545 -0.04811978939245545 -0.04811978939245545 
0 0 0.3390600239023072 -0.1192115243877766 -0.1160830606151774 -0.01297067986241913 -0.01297067986241913 -0.01297067986241913 0 -0.01297067986241913 -0.01297067986241913 -0.01297067986241913 -0.01297067986241913 -0.01297067986241913 
0 0 -0.08421925633504934 0.5773502691896258 -0.1850460105649106 -0.0129288854168046 -0.0129288854168046 -0.0129288854168046 -0.2046539189552296 -0.0129288854168046 -0.0129288854168046 -0.0129288854168046 -0.0129288854168046 -0.0129288854168046 
0 0 -0.08421925633504934 0.5773502691896258 -0.1850460105649106 -0.0129288854168046 -0.0129288854168046 -0.0129288854168046 -0.2046539189552296 -0.0129288854168046 -0.0129288854168046 -0.0129288854168046 -0.0129288854168046 -0.0129288854168046 
-0.1636581866812693 0 -0.03415418195628254 0.447213595499958 -0.06383888207211534 -0.009218998072003045 -0.009218998072003045 -0.009218998072003045 -0.111810360214265 -0.009218998072003045 -0.009218998072003045 -0.009218998072003045 -0.009218998072003045 -0.009218998072003045 
-0.1636581866812693 0 -0.03415418195628254 0.447213595499958 -0.06383888207211534 -0.009218998072003045 -0.009218998072003045 -0.009218998072003045 -0.111810360214265 -0.009218998072003045 -0.009218998072003045 -0.009218998072003045 -0.009218998072003045 -0.009218998072003045 
-0.1636581866812693 0 -0.03415418195628254 0.447213595499958 -0.06383888207211534 -0.009218998072003045 -0.009218998072003045 -0.009218998072003045 -0.111810360214265 -0.009218998072003045 -0.009218998072003045 -0.009218998072003045 -0.009218998072003045 -0.009218998072003045 
-0.165685406946287 0 -0.007959011046680306 0.4472135954999579 -0.09498499091552363 -0.02150294056606696 -0.02150294056606696 -0.02150294056606696 -0.006560662062931531 -0.02150294056606696 -0.02150294056606696 -0.02150294056606696 -0.02150294056606696 -0.02150294056606696 
-0.165685406946287 -0.165246238284806 -0.01604194543861015 0.3528581439954469 0.3522286045844342 -0.04314368848867146 -0.04314368848867146 -0.04314368848867146 -0.01296365000080642 -0.04314368848867146 -0.04314368848867146 -0.04314368848867146 -0.04314368848867146 -0.04314368848867146 
-0.165685406946287 0 -0.007959011046680306 0.4472135954999579 -0.09498499091552363 -0.02150294056606696 -0.02150294056606696 -0.02150294056606696 -0.006560662062931531 -0.02150294056606696 -0.02150294056606696 -0.02150294056606696 -0.02150294056606696 -0.02150294056606696 
-0.165685406946287 0 -0.007959011046680306 0.4472135954999579 -0.09498499091552363 -0.02150294056606696 -0.02150294056606696 -0.02150294056606696 -0.006560662062931531 -0.02150294056606696 -0.02150294056606696 -0.02150294056606696 -0.02150294056606696 -0.02150294056606696 
-0.1638225684798279 0 -0.07387561831091807 0.4472135954999579 -0.064357548742756 -0.01753334106759017 -0.01753334106759017 -0.01753334106759017 -0.004891131425734648 -0.01753334106759017 -0.01753334106759017 -0.01753334106759017 -0.01753334106759017 -0.01753334106759017 
-0.1638225684798279 0 -0.07387561831091807 0.4472135954999579 -0.064357548742756 -0.01753334106759017 -0.01753334106759017 -0.01753334106759017 -0.004891131425734648 -0.01753334106759017 -0.01753334106759017 -0.01753334106759017 -0.01753334106759017 -0.01753334106759017 
-0.1638225684798279 0 -0.07387561831091807 0.4472135954999579 -0.064357548742756 -0.01753334106759017 -0.01753334106759017 -0.01753334106759017 -0.004891131425734648 -0.01753334106759017 -0.01753334106759017 -0.01753334106759017 -0.01753334106759017 -0.01753334106759017 
0 0 -0.08431079271214488 -0.1885472770090004 0.5773502691896258 -0.01257464721525203 -0.01257464721525203 -0.01257464721525203 -0.2038950217464649 -0.01257464721525203 -0.01257464721525203 -0.01257464721525203 -0.01257464721525203 -0.01257464721525203 
0 0 -0.08431079271214488 -0.1885472770090004 0.5773502691896258 -0.01257464721525203 -0.01257464721525203 -0.01257464721525203 -0.2038950217464649 -0.01257464721525203 -0.01257464721525203 -0.01257464721525203 -0.01257464721525203 -0.01257464721525203 
0 -0.1640505795470538 -0.03382896360305716 -0.0639760151477512 0.4472135954999579 -0.009167145369287288 -0.009167145369287288 -0.009167145369287288 -0.1120208742477962 -0.009167145369287288 -0.009167145369287288 -0.009167145369287288 -0.009167145369287288 -0.009167145369287288 
0 -0.1640505795470538 -0.03382896360305716 -0.0639760151477512 0.4472135954999579 -0.009167145369287288 -0.009167145369287288 -0.009167145369287288 -0.1120208742477962 -0.009167145369287288 -0.009167145369287288 -0.009167145369287288 -0.009167145369287288 -0.009167145369287288 
0 -0.1640505795470538 -0.03382896360305716 -0.0639760151477512 0.4472135954999579 -0.009167145369287288 -0.009167145369287288 -0.009167145369287288 -0.1120208742477962 -0.009167145369287288 -0.009167145369287288 -0.009167145369287288 -0.009167145369287288 -0.009167145369287288 
-6.505213034913027e-19 -0.165246238284806 -0.008082934391929851 -0.09435545150451104 0.4472135954999579 -0.02164074792260451 -0.02164074792260451 -0.02164074792260451 -0.006402987937874885 -0.02164074792260451 -0.02164074792260451 -0.02164074792260451 -0.02164074792260451 -0.02164074792260451 
-6.505213034913027e-19 -0.165246238284806 -0.008082934391929851 -0.09435545150451104 0.4472135954999579 -0.02164074792260451 -0.02164074792260451 -0.02164074792260451 -0.006402987937874885 -0.02164074792260451 -0.02164074792260451 -0.02164074792260451 -0.02164074792260451 -0.02164074792260451 
-6.505213034913027e-19 -0.165246238284806 -0.008082934391929851 -0.09435545150451104 0.4472135954999579 -0.02164074792260451 -0.02164074792260451 -0.02164074792260451 -0.006402987937874885 -0.02164074792260451 -0.02164074792260451 -0.02164074792260451 -0.02164074792260451 -0.02164074792260451 
0 -0.1635114530933099 -0.07467616986026825 -0.06304347916285126 0.4472135954999579 -0.01761576846244615 -0.01761576846244615 -0.01761576846244615 -0.005056345683958676 -0.01761576846244615 -0.01761576846244615 -0.01761576846244615 -0.01761576846244615 -0.01761576846244615 
0 -0.1635114530933099 -0.07467616986026825 -0.06304347916285126 0.4472135954999579 -0.01761576846244615 -0.01761576846244615 -0.01761576846244615 -0.005056345683958676 -0.01761576846244615 -0.01761576846244615 -0.01761576846244615 -0.01761576846244615 -0.01761576846244615 
0 -0.1635114530933099 -0.07467616986026825 -0.06304347916285126 0.4472135954999579 -0.01761576846244615 -0.01761576846244615 -0.01761576846244615 -0.005056345683958676 -0.01761576846244615 -0.01761576846244615 -0.01761576846244615 -0.01761576846244615 -0.01761576846244615 
-0.07142857142857173 -0.07142857142857173 -0.06861607598123504 -0.06861607598123504 -0.06861607598123504 0.9004464740980623 -0.07142857142857173 -0.06861607598123504 -0.06861607598123504 -0.06861607598123504 -0.06861607598123504 -0.06861607598123504 -0.06861607598123504 -0.06861607598123504 
-0.1185694130912944 -0.1583334783778869 -0.02587196696392773 -0.02587196696392773 -0.02587196696392773 0.6534293269686858 -0.1178067658602245 -0.02587196696392773 -0.02587196696392773 -0.02587196696392773 -0.02587196696392773 -0.02587196696392773 -0.02587196696392773 -0.02587196696392773 
-0.1185694130912944 -0.1583334783778869 -0.01826406118602186 -0.01826406118602186 -0.01826406118602186 0.5773502691896257 -0.1178067658602245 -0.01826406118602186 -0.01826406118602186 -0.01826406118602186 -0.01826406118602186 -0.01826406118602186 -0.01826406118602186 -0.01826406118602186 
0 0 -0.007607905777905868 -0.007607905777905868 -0.007607905777905868 0.07607905777906021 0 -0.007607905777905868 -0.007607905777905868 -0.007607905777905868 -0.007607905777905868 -0.007607905777905868 -0.007607905777905868 -0.007607905777905868 
-0.02243804798228578 -0.02243804798228578 -0.02243804798228578 -0.02243804798228578 -0.02243804798228578 0.3585006375310191 -0.02243804798228578 -0.02243804798228578 -0.08924406174359086 -0.02243804798228578 -0.02243804798228578 -0.02243804798228578 -0.02243804798228578 -0.02243804798228578 
-0.02243804798228578 -0.02243804798228578 -0.02243804798228578 -0.02243804798228578 -0.02243804798228578 0.3585006375310191 -0.02243804798228578 -0.02243804798228578 -0.08924406174359086 -0.02243804798228578 -0.02243804798228578 -0.02243804798228578 -0.02243804798228578 -0.02243804798228578 
-0.06999852411500106 -0.06999852411500106 -0.06999852411500106 -0.06999852411500106 -0.06999852411500106 0.6425752384845521 -0.06999852411500106 -0.06999852411500106 0.1974070508954621 -0.06999852411500106 -0.06999852411500106 -0.06999852411500106 -0.06999852411500106 -0.06999852411500106 
-0.02243804798228578 -0.02243804798228578 -0.02243804798228578 -0.02243804798228578 -0.02243804798228578 0.3585006375310191 -0.02243804798228578 -0.02243804798228578 -0.08924406174359086 -0.02243804798228578 -0.02243804798228578 -0.02243804798228578 -0.02243804798228578 -0.02243804798228578 
-0.02243804798228578 -0.02243804798228578 -0.02243804798228578 -0.02243804798228578 -0.02243804798228578 0.3585006375310191 -0.02243804798228578 -0.02243804798228578 -0.08924406174359086 -0.02243804798228578 -0.02243804798228578 -0.02243804798228578 -0.02243804798228578 -0.02243804798228578 
-0.02685969535567347 -0.02685969535567347 -0.02685969535567347 -0.02685969535567347 -0.02685969535567347 0.4828788271289884 -0.02685969535567347 -0.02685969535567347 -0.1605624828609049 -0.02685969535567347 -0.02685969535567347 -0.02685969535567347 -0.02685969535567347 -0.02685969535567347 
-0.02685969535567347 -0.02685969535567347 -0.02685969535567347 -0.02685969535567347 -0.02685969535567347 0.4828788271289884 -0.02685969535567347 -0.02685969535567347 -0.1605624828609049 -0.02685969535567347 -0.02685969535567347 -0.02685969535567347 -0.02685969535567347 -0.02685969535567347 
-0.01934058389473329 -0.01154068228299279 -0.03658284352124457 -0.03658284352124457 -0.03658284352124457 -0.01026740107457704 0.4069771024647489 -0.03658284352124457 -0.03658284352124457 -0.03658284352124457 -0.03658284352124457 -0.03658284352124457 -0.03658284352124457 -0.03658284352124457 
-0.08188837460059953 -0.09518372457207186 -0.05068736028173554 -0.05068736028173554 -0.05068736028173554 -0.1104881913722086 0.7944338933622356 -0.05068736028173554 -0.05068736028173554 -0.05068736028173554 -0.05068736028173554 -0.05068736028173554 -0.05068736028173554 -0.05068736028173554 
-0.01934058389473329 -0.01154068228299279 -0.03658284352124457 -0.03658284352124457 -0.03658284352124457 -0.01026740107457704 0.4069771024647489 -0.03658284352124457 -0.03658284352124457 -0.03658284352124457 -0.03658284352124457 -0.03658284352124457 -0.03658284352124457 -0.03658284352124457 
-0.0412393049421161 -0.0412393049421161 -0.0412393049421161 -0.0412393049421161 -0.0412393049421161 -0.0412393049421161 0.5361109642475096 -0.0412393049421161 -0.0412393049421161 -0.0412393049421161 -0.0412393049421161 -0.0412393049421161 -0.0412393049421161 -0.0412393049421161 
-0.0412393049421161 -0.0412393049421161 -0.0412393049421161 -0.0412393049421161 -0.0412393049421161 -0.0412393049421161 0.5361109642475096 -0.0412393049421161 -0.0412393049421161 -0.0412393049421161 -0.0412393049421161 -0.0412393049421161 -0.0412393049421161 -0.0412393049421161 
-0.0412393049421161 -0.0412393049421161 -0.0412393049421161 -0.0412393049421161 -0.0412393049421161 -0.0412393049421161 0.5361109642475096 -0.0412393049421161 -0.0412393049421161 -0.0412393049421161 -0.0412393049421161 -0.0412393049421161 -0.0412393049421161 -0.0412393049421161 
-0.06254779070586626 -0.08364304228907908 -0.01410451676049097 -0.01410451676049097 -0.01410451676049097 -0.1002207902976315 0.3874567908974865 -0.01410451676049097 -0.01410451676049097 -0.01410451676049097 -0.01410451676049097 -0.01410451676049097 -0.01410451676049097 -0.01410451676049097 
-0.06254779070586626 -0.08364304228907908 -0.01410451676049097 -0.01410451676049097 -0.01410451676049097 -0.1002207902976315 0.3874567908974865 -0.01410451676049097 -0.01410451676049097 -0.01410451676049097 -0.01410451676049097 -0.01410451676049097 -0.01410451676049097 -0.01410451676049097 
-0.06254779070586626 -0.08364304228907908 -0.01410451676049097 -0.01410451676049097 -0.01410451676049097 -0.1002207902976315 0.3874567908974865 -0.01410451676049097 -0.01410451676049097 -0.01410451676049097 -0.01410451676049097 -0.01410451676049097 -0.01410451676049097 -0.01410451676049097 
-0.06194381195009203 -0.06194381195009203 -0.06194381195009203 -0.06194381195009203 -0.06194381195009203 -0.06194381195009203 -0.06194381195009203 0.8052695553511976 -0.06194381195009203 -0.06194381195009203 -0.06194381195009203 -0.06194381195009203 -0.06194381195009203 -0.06194381195009203 
-0.03105676051196404 -0.03105676051196404 -0.03105676051196404 -0.03105676051196404 -0.03105676051196404 -0.03105676051196404 -0.03105676051196404 0.4037378866555318 -0.03105676051196404 -0.03105676051196404 -0.03105676051196404 -0.03105676051196404 -0.03105676051196404 -0.03105676051196404 
-0.03105676051196404 -0.03105676051196404 -0.03105676051196404 -0.03105676051196404 -0.03105676051196404 -0.03105676051196404 -0.03105676051196404 0.4037378866555318 -0.03105676051196404 -0.03105676051196404 -0.03105676051196404 -0.03105676051196404 -0.03105676051196404 -0.03105676051196404 
-0.03088705143812798 -0.03088705143812798 -0.03088705143812798 -0.03088705143812798 -0.03088705143812798 -0.03088705143812798 -0.03088705143812798 0.4015316686956658 -0.03088705143812798 -0.03088705143812798 -0.03088705143812798 -0.03088705143812798 -0.03088705143812798 -0.03088705143812798 
-0.03088705143812798 -0.03088705143812798 -0.03088705143812798 -0.03088705143812798 -0.03088705143812798 -0.03088705143812798 -0.03088705143812798 0.4015316686956658 -0.03088705143812798 -0.03088705143812798 -0.03088705143812798 -0.03088705143812798 -0.03088705143812798 -0.03088705143812798 
-0.0714285714285714 -0.0714285714285714 -0.0714285714285714 -0.0714285714285714 -0.0714285714285714 -0.0714285714285714 -0.0714285714285714 -0.0714285714285714 0.9285714285714286 -0.0714285714285714 -0.0714285714285714 -0.0714285714285714 -0.0714285714285714 -0.0714285714285714 
0 0 -0.08632697457057063 -0.1846448115243826 -0.1851731292972904 -0.01515066922467279 -0.01515066922467279 -0.01515066922467279 0.5773502691896258 -0.01515066922467279 -0.01515066922467279 -0.01515066922467279 -0.01515066922467279 -0.01515066922467279 
0 0 -0.08632697457057063 -0.1846448115243826 -0.1851731292972904 -0.01515066922467279 -0.01515066922467279 -0.01515066922467279 0.5773502691896258 -0.01515066922467279 -0.01515066922467279 -0.01515066922467279 -0.01515066922467279 -0.01515066922467279 
0 0 -0.08638600471276259 -0.1816879459650062 -0.1871817748294405 -0.01526181796030217 -0.01526181796030217 -0.01526181796030217 0.5773502691896258 -0.01526181796030217 -0.01526181796030217 -0.01526181796030217 -0.01526181796030217 -0.01526181796030217 
0 0 -0.08638600471276259 -0.1816879459650062 -0.1871817748294405 -0.01526181796030217 -0.01526181796030217 -0.01526181796030217 0.5773502691896258 -0.01526181796030217 -0.01526181796030217 -0.01526181796030217 -0.01526181796030217 -0.01526181796030217 
-0.02070078077704181 -0.02070078077704181 -0.02070078077704181 -0.02070078077704181 -0.02070078077704181 -0.1988042261754554 -0.02070078077704181 -0.02070078077704181 0.4472135954999579 -0.02070078077704181 -0.02070078077704181 -0.02070078077704181 -0.02070078077704181 -0.02070078077704181 
-0.02070078077704181 -0.02070078077704181 -0.02070078077704181 -0.02070078077704181 -0.02070078077704181 -0.1988042261754554 -0.02070078077704181 -0.02070078077704181 0.4472135954999579 -0.02070078077704181 -0.02070078077704181 -0.02070078077704181 -0.02070078077704181 -0.02070078077704181 
-0.02070078077704181 -0.02070078077704181 -0.02070078077704181 -0.02070078077704181 -0.02070078077704181 -0.1988042261754554 -0.02070078077704181 -0.02070078077704181 0.4472135954999579 -0.02070078077704181 -0.02070078077704181 -0.02070078077704181 -0.02070078077704181 -0.02070078077704181 
-0.02070078077704181 -0.02070078077704181 -0.02070078077704181 -0.02070078077704181 -0.02070078077704181 -0.1988042261754554 -0.02070078077704181 -0.02070078077704181 0.4472135954999579 -0.02070078077704181 -0.02070078077704181 -0.02070078077704181 -0.02070078077704181 -0.02070078077704181 
-0.0714285714285714 -0.0714285714285714 -0.0714285714285714 -0.0714285714285714 -0.0714285714285714 -0.0714285714285714 -0.0714285714285714 -0.0714285714285714 -0.0714285714285714 0.9285714285714286 -0.0714285714285714 -0.0714285714285714 -0.0714285714285714 -0.0714285714285714 
-0.0714285714285714 -0.0714285714285714 -0.0714285714285714 -0.0714285714285714 -0.0714285714285714 -0.0714285714285714 -0.0714285714285714 -0.0714285714285714 -0.0714285714285714 0.9285714285714286 -0.0714285714285714 -0.0714285714285714 -0.0714285714285714 -0.0714285714285714 
-0.0714285714285714 -0.0714285714285714 -0.0714285714285714 -0.0714285714285714 -0.0714285714285714 -0.0714285714285714 -0.0714285714285714 -0.0714285714285714 -0.0714285714285714 0.9285714285714286 -0.0714285714285714 -0.0714285714285714 -0.0714285714285714 -0.0714285714285714 
-0.07142857142857173 -0.07142857142857173 -0.07142857142857173 -0.07142857142857173 -0.07142857142857173 -0.07142857142857173 -0.07142857142857173 -0.07142857142857173 -0.07142857142857173 -0.07142857142857173 0.9285714285714283 -0.07142857142857173 -0.07142857142857173 -0.07142857142857173 
-0.02189606131571067 -0.02189606131571067 -0.02189606131571067 -0.02189606131571067 -0.02189606131571067 -0.02189606131571067 -0.02189606131571067 -0.02189606131571067 -0.02189606131571067 -0.02189606131571067 0.2846487971042371 -0.02189606131571067 -0.02189606131571067 -0.02189606131571067 
-0.02189606131571067 -0.02189606131571067 -0.02189606131571067 -0.02189606131571067 -0.02189606131571067 -0.02189606131571067 -0.02189606131571067 -0.02189606131571067 -0.02189606131571067 -0.02189606131571067 0.2846487971042371 -0.02189606131571067 -0.02189606131571067 -0.02189606131571067 
-0.02189606131571067 -0.02189606131571067 -0.02189606131571067 -0.02189606131571067 -0.02189606131571067 -0.02189606131571067 -0.02189606131571067 -0.02189606131571067 -0.02189606131571067 -0.02189606131571067 0.2846487971042371 -0.02189606131571067 -0.02189606131571067 -0.02189606131571067 
-0.02189606131571067 -0.02189606131571067 -0.02189606131571067 -0.02189606131571067 -0.02189606131571067 -0.02189606131571067 -0.02189606131571067 -0.02189606131571067 -0.02189606131571067 -0.02189606131571067 0.2846487971042371 -0.02189606131571067 -0.02189606131571067 -0.02189606131571067 
-0.0714285714285714 -0.0714285714285714 -0.0714285714285714 -0.0714285714285714 -0.0714285714285714 -0.0714285714285714 -0.0714285714285714 -0.0714285714285714 -0.0714285714285714 -0.0714285714285714 -0.0714285714285714 0.9285714285714286 -0.0714285714285714 -0.0714285714285714 
-0.0714285714285714 -0.0714285714285714 -0.0714285714285714 -0.0714285714285714 -0.0714285714285714 -0.0714285714285714 -0.0714285714285714 -0.0714285714285714 -0.0714285714285714 -0.0714285714285714 -0.0714285714285714 0.9285714285714286 -0.0714285714285714 -0.0714285714285714 
-0.0714285714285714 -0.0714285714285714 -0.0714285714285714 -0.0714285714285714 -0.0714285714285714 -0.0714285714285714 -0.0714285714285714 -0.0714285714285714 -0.0714285714285714 -0.0714285714285714 -0.0714285714285714 0.9285714285714286 -0.0714285714285714 -0.0714285714285714 
-0.0714285714285714 -0.0714285714285714 -0.0714285714285714 -0.0714285714285714 -0.0714285714285714 -0.0714285714285714 -0.0714285714285714 -0.0714285714285714 -0.0714285714285714 -0.0714285714285714 -0.0714285714285714 0.9285714285714286 -0.0714285714285714 -0.0714285714285714 
-0.0714285714285714 -0.0714285714285714 -0.0714285714285714 -0.0714285714285714 -0.0714285714285714 -0.0714285714285714 -0.0714285714285714 -0.0714285714285714 -0.0714285714285714 -0.0714285714285714 -0.0714285714285714 0.9285714285714286 -0.0714285714285714 -0.0714285714285714 
-0.0714285714285714 -0.0714285714285714 -0.0714285714285714 -0.0714285714285714 -0.0714285714285714 -0.0714285714285714 -0.0714285714285714 -0.0714285714285714 -0.0714285714285714 -0.0714285714285714 -0.0714285714285714 0.9285714285714286 -0.0714285714285714 -0.0714285714285714 
-0.0412393049421161 -0.0412393049421161 -0.0412393049421161 -0.0412393049421161 -0.0412393049421161 -0.0412393049421161 -0.0412393049421161 -0.0412393049421161 -0.0412393049421161 -0.0412393049421161 -0.0412393049421161 -0.0412393049421161 0.5361109642475096 -0.0412393049421161 
-0.0412393049421161 -0.0412393049421161 -0.0412393049421161 -0.0412393049421161 -0.0412393049421161 -0.0412393049421161 -0.0412393049421161 -0.0412393049421161 -0.0412393049421161 -0.0412393049421161 -0.0412393049421161 -0.0412393049421161 0.5361109642475096 -0.0412393049421161 
-0.0412393049421161 -0.0412393049421161 -0.0412393049421161 -0.0412393049421161 -0.0412393049421161 -0.0412393049421161 -0.0412393049421161 -0.0412393049421161 -0.0412393049421161 -0.0412393049421161 -0.0412393049421161 -0.0412393049421161 0.5361109642475096 -0.0412393049421161 
-0.0714285714285714 -0.0714285714285714 -0.0714285714285714 -0.0714285714285714 -0.0714285714285714 -0.0714285714285714 -0.0714285714285714 -0.0714285714285714 -0.0714285714285714 -0.0714285714285714 -0.0714285714285714 -0.0714285714285714 0.9285714285714286 -0.0714285714285714 
-0.0714285714285714 -0.0714285714285714 -0.0714285714285714 -0.0714285714285714 -0.0714285714285714 -0.0714285714285714 -0.0714285714285714 -0.0714285714285714 -0.0714285714285714 -0.0714285714285714 -0.0714285714285714 -0.0714285714285714 0.9285714285714286 -0.0714285714285714 
-0.0714285714285714 -0.0714285714285714 -0.0714285714285714 -0.0714285714285714 -0.0714285714285714 -0.0714285714285714 -0.0714285714285714 -0.0714285714285714 -0.0714285714285714 -0.0714285714285714 -0.0714285714285714 -0.0714285714285714 0.9285714285714286 -0.0714285714285714 
-0.0714285714285714 -0.0714285714285714 -0.0714285714285714 -0.0714285714285714 -0.0714285714285714 -0.0714285714285714 -0.0714285714285714 -0.0714285714285714 -0.0714285714285714 -0.0714285714285714 -0.0714285714285714 -0.0714285714285714 0.9285714285714286 -0.0714285714285714 
-0.07112379021551117 -0.07112379021551117 -0.07112379021551117 -0.07112379021551117 -0.07112379021551117 -0.07112379021551117 -0.07112379021551117 -0.07112379021551117 -0.07112379021551117 -0.07112379021551117 -0.07112379021551117 -0.07112379021551117 -0.07112379021551117 0.9246092728016442 
-0.0262970623054187 -0.0262970623054187 -0.0262970623054187 -0.0262970623054187 -0.0262970623054187 -0.0262970623054187 -0.0262970623054187 -0.0262970623054187 -0.0262970623054187 -0.0262970623054187 -0.0262970623054187 -0.0262970623054187 -0.0262970623054187 0.3418618099704422 
-0.0262970623054187 -0.0262970623054187 -0.0262970623054187 -0.0262970623054187 -0.0262970623054187 -0.0262970623054187 -0.0262970623054187 -0.0262970623054187 -0.0262970623054187 -0.0262970623054187 -0.0262970623054187 -0.0262970623054187 -0.0262970623054187 0.3418618099704422 
-0.02233448066954691 -0.02233448066954691 -0.02233448066954691 -0.02233448066954691 -0.02233448066954691 -0.02233448066954691 -0.02233448066954691 -0.02233448066954691 -0.02233448066954691 -0.02233448066954691 -0.02233448066954691 -0.02233448066954691 -0.02233448066954691 0.2903482487041075 
-0.02233448066954691 -0.02233448066954691 -0.02233448066954691 -0.02233448066954691 -0.02233448066954691 -0.02233448066954691 -0.02233448066954691 -0.02233448066954691 -0.02233448066954691 -0.02233448066954691 -0.02233448066954691 -0.02233448066954691 -0.02233448066954691 0.2903482487041075 
-0.02233448066954691 -0.02233448066954691 -0.02233448066954691 -0.02233448066954691 -0.02233448066954691 -0.02233448066954691 -0.02233448066954691 -0.02233448066954691 -0.02233448066954691 -0.02233448066954691 -0.02233448066954691 -0.02233448066954691 -0.02233448066954691 0.2903482487041075 
-0.02233448066954691 -0.02233448066954691 -0.02233448066954691 -0.02233448066954691 -0.02233448066954691 -0.02233448066954691 -0.02233448066954691 -0.02233448066954691 -0.02233448066954691 -0.02233448066954691 -0.02233448066954691 -0.02233448066954691 -0.02233448066954691 0.2903482487041075 
-0.0714285714285714 -0.0714285714285714 -0.0714285714285714 -0.0714285714285714 -0.0714285714285714 -0.0714285714285714 -0.0714285714285714 -0.0714285714285714 -0.0714285714285714 -0.0714285714285714 -0.0714285714285714 -0.0714285714285714 -0.0714285714285714 0.9285714285714286 
